[gd_scene load_steps=11 format=3 uid="uid://c15uxcwoxdokm"]

[ext_resource type="PackedScene" uid="uid://dmqwwcg1wsh5b" path="res://character/tank.tscn" id="1_ig7tw"]
[ext_resource type="PackedScene" uid="uid://c1q5h07a8nje5" path="res://joint_test_turret/turret_test.tscn" id="2_0xm2m"]

[sub_resource type="ProceduralSkyMaterial" id="ProceduralSkyMaterial_ig7tw"]
sky_horizon_color = Color(0.66224277, 0.6717428, 0.6867428, 1)
ground_horizon_color = Color(0.66224277, 0.6717428, 0.6867428, 1)

[sub_resource type="Sky" id="Sky_0xm2m"]
sky_material = SubResource("ProceduralSkyMaterial_ig7tw")

[sub_resource type="Environment" id="Environment_h2yge"]
background_mode = 2
sky = SubResource("Sky_0xm2m")
tonemap_mode = 2
glow_enabled = true

[sub_resource type="BoxShape3D" id="BoxShape3D_7dm0k"]
size = Vector3(20, 0.5, 20)

[sub_resource type="StandardMaterial3D" id="StandardMaterial3D_7dm0k"]
albedo_color = Color(0.06, 0.06, 0.06, 1)

[sub_resource type="BoxMesh" id="BoxMesh_7dm0k"]
material = SubResource("StandardMaterial3D_7dm0k")
size = Vector3(20, 0.5, 20)

[sub_resource type="BoxShape3D" id="BoxShape3D_ig7tw"]
size = Vector3(2, 2, 2)

[sub_resource type="BoxMesh" id="BoxMesh_0xm2m"]
size = Vector3(2, 2, 2)

[node name="Node3D" type="Node3D"]

[node name="WorldEnvironment" type="WorldEnvironment" parent="."]
environment = SubResource("Environment_h2yge")

[node name="DirectionalLight3D" type="DirectionalLight3D" parent="."]
transform = Transform3D(-0.8660254, -0.43301278, 0.25, 0, 0.49999997, 0.86602545, -0.50000006, 0.75, -0.43301266, 0, 0, 0)
shadow_enabled = true

[node name="tank" parent="." instance=ExtResource("1_ig7tw")]
transform = Transform3D(1, 0, 0, 0, 1, 0, 0, 0, 1, -2.0978708, -1.1716156, 0)

[node name="Ground" type="StaticBody3D" parent="."]
metadata/_edit_lock_ = true

[node name="CollisionShape3D" type="CollisionShape3D" parent="Ground"]
shape = SubResource("BoxShape3D_7dm0k")

[node name="MeshInstance3D" type="MeshInstance3D" parent="Ground/CollisionShape3D"]
mesh = SubResource("BoxMesh_7dm0k")
skeleton = NodePath("../..")

[node name="Camera3D" type="Camera3D" parent="."]
transform = Transform3D(0.64080966, -0.3651121, 0.6753193, 0, 0.8796659, 0.47559226, -0.76769984, -0.30476412, 0.56369835, 4.6640277, 5.4915276, 2.7403598)

[node name="Box" type="StaticBody3D" parent="."]
transform = Transform3D(1, 0, 0, 0, 1, 0, 0, 0, 1, 2.1532164, 0.98036087, 1.8693893)
metadata/_edit_lock_ = true

[node name="CollisionShape3D" type="CollisionShape3D" parent="Box"]
shape = SubResource("BoxShape3D_ig7tw")

[node name="MeshInstance3D" type="MeshInstance3D" parent="Box/CollisionShape3D"]
mesh = SubResource("BoxMesh_0xm2m")

[node name="turret_test" parent="." instance=ExtResource("2_0xm2m")]
transform = Transform3D(0.38963842, 0.92096794, 0, -0.92096794, 0.38963842, 0, 0, 0, 1, -1.9232969, 5.981595, 0.052703977)
