[gd_scene load_steps=25 format=3 uid="uid://dmqwwcg1wsh5b"]

[ext_resource type="PackedScene" uid="uid://dul1iuxciw4iy" path="res://character/tank.blend" id="1_e0noh"]
[ext_resource type="Script" uid="uid://r78fx0rx7xrs" path="res://character/tank.gd" id="2_gmgct"]

[sub_resource type="BoxShape3D" id="BoxShape3D_gmgct"]
size = Vector3(2.535, 1.5639243, 1.166)

[sub_resource type="BoxShape3D" id="BoxShape3D_n6yte"]
size = Vector3(1.53, 1.262, 1.166)

[sub_resource type="BoxShape3D" id="BoxShape3D_s7ekh"]
size = Vector3(2.305, 3.4466581, 2.101097)

[sub_resource type="BoxShape3D" id="BoxShape3D_jxbex"]
size = Vector3(0.945, 3.3894062, 1.008537)

[sub_resource type="BoxShape3D" id="BoxShape3D_xcrw1"]
size = Vector3(1.845, 0.786, 1.281)

[sub_resource type="BoxShape3D" id="BoxShape3D_2c5v2"]
size = Vector3(0.885, 0.905, 0.47)

[sub_resource type="CapsuleShape3D" id="CapsuleShape3D_gmgct"]
radius = 0.18115234
height = 0.96814764

[sub_resource type="CapsuleShape3D" id="CapsuleShape3D_n6yte"]
radius = 0.19140625
height = 1.2257277

[sub_resource type="CapsuleShape3D" id="CapsuleShape3D_s7ekh"]
radius = 0.32373047
height = 1.5684999

[sub_resource type="CapsuleShape3D" id="CapsuleShape3D_jxbex"]
radius = 0.35595703
height = 2.3657575

[sub_resource type="CapsuleShape3D" id="CapsuleShape3D_xcrw1"]
radius = 0.20263672
height = 1.0238101

[sub_resource type="CapsuleShape3D" id="CapsuleShape3D_2c5v2"]
radius = 0.29638672
height = 1.779985

[sub_resource type="CapsuleShape3D" id="CapsuleShape3D_mtdwr"]
radius = 0.26123047
height = 2.0365303

[sub_resource type="CapsuleShape3D" id="CapsuleShape3D_5moqy"]
radius = 0.35888672
height = 2.9290745

[sub_resource type="CapsuleShape3D" id="CapsuleShape3D_w0r26"]
radius = 0.17822266
height = 0.96814764

[sub_resource type="CapsuleShape3D" id="CapsuleShape3D_i2uiu"]
radius = 0.20605469
height = 1.2257277

[sub_resource type="CapsuleShape3D" id="CapsuleShape3D_8f45w"]
radius = 0.2998047
height = 1.5684999

[sub_resource type="CapsuleShape3D" id="CapsuleShape3D_xrypx"]
radius = 0.37597656
height = 2.3822196

[sub_resource type="CapsuleShape3D" id="CapsuleShape3D_wdcf6"]
radius = 0.19482422
height = 1.0238101

[sub_resource type="CapsuleShape3D" id="CapsuleShape3D_ltcrj"]
radius = 0.30908203
height = 1.779985

[sub_resource type="CapsuleShape3D" id="CapsuleShape3D_c47rf"]
radius = 0.3203125
height = 2.0365303

[sub_resource type="CapsuleShape3D" id="CapsuleShape3D_t4pbj"]
radius = 0.3486328
height = 2.943723

[node name="tank" instance=ExtResource("1_e0noh")]
script = ExtResource("2_gmgct")

[node name="Skeleton3D" parent="Armature" index="0"]
bones/1/rest = Transform3D(-0.27542976, -0.9149492, 0.29496855, 0.96132135, -0.2621436, 0.08451179, 1.4901163e-07, 0.30683658, 0.9517622, 0, 2.040714, 0)
bones/1/rotation = Quaternion(0.09347689, 0.12402002, 0.7888815, 0.59459835)
bones/1/scale = Vector3(1.0000001, 0.99999994, 1)
bones/2/rest = Transform3D(-0.04618943, 0.9121411, 0.40726602, -0.95021343, -0.16588987, 0.26377144, 0.308158, -0.37480617, 0.87439066, 1.42396885e-08, 1.1420019, -1.0244548e-07)
bones/2/rotation = Quaternion(-0.24764377, 0.038434632, -0.7222309, 0.64465326)
bones/2/scale = Vector3(1.0000002, 1.0000002, 1)
bones/3/rest = Transform3D(0.020760655, -0.002227545, -0.9997823, -0.92838645, 0.37107208, -0.02010489, 0.37103596, 0.92860156, 0.0056356206, -2.3283064e-08, 0.96814764, 9.685755e-08)
bones/4/rest = Transform3D(-0.1561129, -0.9873227, -0.02868198, 0.9876028, -0.1555431, -0.02113807, 0.01640881, -0.03162634, 0.999365, 2.0861626e-07, 1.2257277, -3.3527613e-08)
bones/4/rotation = Quaternion(-0.0040366864, -0.017354384, 0.7601022, 0.64955926)
bones/4/scale = Vector3(0.9999998, 0.99999994, 0.9999999)
bones/5/rest = Transform3D(0.942272, -0.33399898, 0.023835965, 0.33428463, 0.9424282, -0.009101933, -0.019423649, 0.016544491, 0.99967444, -2.0861626e-07, 1.5684999, 8.568168e-08)
bones/5/rotation = Quaternion(0.006506332, 0.010974685, 0.16953924, 0.98544085)
bones/6/rest = Transform3D(0.30488437, 0.9372825, 0.16895929, -0.9372825, 0.2638162, 0.22782144, 0.16895881, -0.2278218, 0.9589318, 2.6077032e-08, 1.7608808, -2.7561327e-08)
bones/6/rotation = Quaternion(-0.14329727, 1.4996266e-07, -0.5895403, 0.79492646)
bones/7/rest = Transform3D(-1, -7.1054257e-15, -1.5099579e-07, -1.3950014e-07, -0.3827118, 0.9238679, -5.778788e-08, 0.92386764, 0.38271177, 0, 2.040714, 0)
bones/7/rotation = Quaternion(-6.2774845e-08, 0.55555737, 0.8314782, -4.1943416e-08)
bones/7/scale = Vector3(1, 0.9999999, 1)
bones/9/rest = Transform3D(-0.9713853, 0.21962297, -0.09041848, -0.23750736, -0.89823925, 0.36980474, 1.8253915e-07, 0.38069844, 0.9246982, 4.2351647e-21, 1.4140751, 4.5117162e-07)
bones/9/rotation = Quaternion(-0.023209171, 0.19264406, 0.97395134, -0.11733915)
bones/9/scale = Vector3(0.9999996, 0.99999964, 0.99999887)
bones/10/rest = Transform3D(0.9713858, 6.332993e-07, -0.23750716, -0.21962297, 0.380698, -0.89823985, 0.09041793, 0.92469937, 0.3698048, 6.552773e-08, 2.8291433, 2.9057264e-07)
bones/10/rotation = Quaternion(0.5524679, -0.0993824, -0.06656009, 0.82490736)
bones/10/scale = Vector3(0.99999994, 0.99999994, 1)
bones/11/rest = Transform3D(1, 2.516554e-07, 1.3597327e-07, -2.516554e-07, 1, 2.9802134e-08, -1.3597327e-07, -2.980217e-08, 1, -9.8932285e-09, 0.23685053, 1.4408451e-07)
bones/17/rest = Transform3D(-0.85964555, -0.5083301, 0.051092505, 0.51089144, -0.8553357, 0.0859701, 5.587937e-08, 0.10000651, 0.9949868, 0, 2.040714, 0)
bones/17/scale = Vector3(1.0000002, 0.99999994, 1)
bones/18/rest = Transform3D(0.8489026, 0.5235846, 0.07227439, -0.5251461, 0.8200219, 0.22756454, 0.0598827, -0.23113474, 0.97107714, -9.498214e-08, 2.0940416, -1.2665987e-07)
bones/18/rotation = Quaternion(-0.12021184, 0.0032475032, -0.27484205, 0.95393944)
bones/19/rest = Transform3D(0.0041296477, 0.004821538, 0.9999798, 0.9891437, 0.14687207, -0.0047930176, -0.1468922, 0.98914355, -0.0041625495, -8.4750354e-08, 1.0238101, -1.3411045e-07)
bones/19/rotation = Quaternion(0.46406367, 0.5354683, 0.45957473, 0.53545284)
bones/19/scale = Vector3(0.9999998, 0.99999976, 0.99999994)
bones/20/rest = Transform3D(-0.61429596, 0.7890157, -0.009732954, -0.78906995, -0.6142919, 0.0037427684, -0.003025773, 0.009979149, 0.9999455, 0, 1.779985, 5.6810677e-08)
bones/20/rotation = Quaternion(-0.003550379, 0.0038184067, 0.898406, -0.43913484)
bones/20/scale = Vector3(1, 0.99999994, 0.9999999)
bones/21/rest = Transform3D(0.80856705, 0.5883967, -0.002941751, -0.5883555, 0.8085544, 0.008811137, 0.00756301, -0.0053935996, 0.99995685, -3.5762787e-07, 2.0365303, -3.3713877e-07)
bones/21/rotation = Quaternion(-0.0037344294, -0.0027617048, -0.3093685, 0.9509309)
bones/22/rest = Transform3D(0.7959705, 0.4542165, -0.4001476, -0.4542162, 0.011190234, -0.8908211, -0.400148, 0.89082086, 0.21521966, -1.010485e-07, 2.2546334, 6.76373e-08)
bones/22/scale = Vector3(0.99999994, 0.9999998, 0.9999999)
bones/23/rest = Transform3D(-0.27542976, 0.9149492, -0.29496855, -0.96132135, -0.2621436, 0.08451179, -1.4901163e-07, 0.30683658, 0.9517622, 0, 2.040714, 0)
bones/23/rotation = Quaternion(0.09347689, -0.12402002, -0.7888815, 0.59459835)
bones/23/scale = Vector3(1.0000001, 0.99999994, 1)
bones/24/rest = Transform3D(-0.04618943, -0.9121411, -0.40726602, 0.95021343, -0.16588987, 0.26377144, -0.308158, -0.37480617, 0.87439066, -1.42396885e-08, 1.1420019, -1.0244548e-07)
bones/24/rotation = Quaternion(-0.24764377, -0.038434632, 0.7222309, 0.64465326)
bones/24/scale = Vector3(1.0000002, 1.0000002, 1)
bones/25/rest = Transform3D(0.020760655, 0.002227545, 0.9997823, 0.92838645, 0.37107208, -0.02010489, -0.37103596, 0.92860156, 0.0056356206, 2.3283064e-08, 0.96814764, 9.685755e-08)
bones/26/rest = Transform3D(-0.1561129, 0.9873227, 0.02868198, -0.9876028, -0.1555431, -0.02113807, -0.01640881, -0.03162634, 0.999365, -2.0861626e-07, 1.2257277, -3.3527613e-08)
bones/26/rotation = Quaternion(-0.0040366864, 0.017354384, -0.7601022, 0.64955926)
bones/26/scale = Vector3(0.9999998, 0.99999994, 0.9999999)
bones/27/rest = Transform3D(0.942272, 0.33399898, -0.023835965, -0.33428463, 0.9424282, -0.009101933, 0.019423649, 0.016544491, 0.99967444, 2.0861626e-07, 1.5684999, 8.568168e-08)
bones/27/rotation = Quaternion(0.006506332, -0.010974685, -0.16953924, 0.98544085)
bones/28/rest = Transform3D(0.30488437, -0.9372825, -0.16895929, 0.9372825, 0.2638162, 0.22782144, -0.16895881, -0.2278218, 0.9589318, -2.6077032e-08, 1.7608808, -2.7561327e-08)
bones/28/rotation = Quaternion(-0.14329727, -1.4996266e-07, 0.5895403, 0.79492646)
bones/29/rest = Transform3D(-0.85964555, 0.5083301, -0.051092505, -0.51089144, -0.8553357, 0.0859701, -5.587937e-08, 0.10000651, 0.9949868, 0, 2.040714, 0)
bones/29/scale = Vector3(1.0000002, 0.99999994, 1)
bones/30/rest = Transform3D(0.8489026, -0.5235846, -0.07227439, 0.5251461, 0.8200219, 0.22756454, -0.0598827, -0.23113474, 0.97107714, 9.498214e-08, 2.0940416, -1.2665987e-07)
bones/30/rotation = Quaternion(-0.12021184, -0.0032475032, 0.27484205, 0.95393944)
bones/31/rest = Transform3D(0.0041296477, -0.004821538, -0.9999798, -0.9891437, 0.14687207, -0.0047930176, 0.1468922, 0.98914355, -0.0041625495, 8.4750354e-08, 1.0238101, -1.3411045e-07)
bones/31/rotation = Quaternion(0.46406367, -0.5354683, -0.45957473, 0.53545284)
bones/31/scale = Vector3(0.9999998, 0.99999976, 0.99999994)
bones/32/rest = Transform3D(-0.61429596, -0.7890157, 0.009732954, 0.78906995, -0.6142919, 0.0037427684, 0.003025773, 0.009979149, 0.9999455, 0, 1.779985, 5.6810677e-08)
bones/32/rotation = Quaternion(0.003550379, 0.0038184067, 0.898406, 0.43913484)
bones/32/scale = Vector3(1, 0.99999994, 0.9999999)
bones/33/rest = Transform3D(0.80856705, -0.5883967, 0.002941751, 0.5883555, 0.8085544, 0.008811137, -0.00756301, -0.0053935996, 0.99995685, 3.5762787e-07, 2.0365303, -3.3713877e-07)
bones/33/rotation = Quaternion(-0.0037344294, 0.0027617048, 0.3093685, 0.9509309)
bones/34/rest = Transform3D(0.7959705, -0.4542165, 0.4001476, 0.4542162, 0.011190234, -0.8908211, 0.400148, 0.89082086, 0.21521966, 1.010485e-07, 2.2546334, 6.76373e-08)
bones/34/scale = Vector3(0.99999994, 0.9999998, 0.9999999)

[node name="PhysicalBoneSimulator3D" type="PhysicalBoneSimulator3D" parent="Armature/Skeleton3D" index="19"]

[node name="Chassis" type="PhysicalBone3D" parent="Armature/Skeleton3D/PhysicalBoneSimulator3D" index="0"]
transform = Transform3D(-1, 0, 0, 0, 1, 0, 0, 0, -1, 0, 2.040714, -1.020357)
joint_offset = Transform3D(1, 0, 0, 0, 1, 0, 0, 0, 1, 0, 0, 1.020357)
body_offset = Transform3D(1, 0, 0, 0, 0, -1, 0, 1, 0, 0, 1.020357, 0)
bone_name = "Chassis_2"
metadata/_edit_lock_ = true

[node name="CollisionShape3D" type="CollisionShape3D" parent="Armature/Skeleton3D/PhysicalBoneSimulator3D/Chassis" index="0"]
transform = Transform3D(1, 0, 0, 0, 0, 1, 0, -1, 0, 0, 0.4306357, 0.24020112)
shape = SubResource("BoxShape3D_gmgct")

[node name="CollisionShape3D2" type="CollisionShape3D" parent="Armature/Skeleton3D/PhysicalBoneSimulator3D/Chassis" index="1"]
transform = Transform3D(1, 0, 0, 0, 0, 1, 0, -1, 0, 0, 0.12142515, -1.5714812)
shape = SubResource("BoxShape3D_n6yte")

[node name="Turret" type="PhysicalBone3D" parent="Armature/Skeleton3D/PhysicalBoneSimulator3D" index="1"]
transform = Transform3D(-1, 2.7850697e-14, -6.5344327e-15, -6.534425e-15, 2.6822087e-07, 1, 2.7850699e-14, 1, -2.6822087e-07, -1.07572805e-13, 4.414836, -0.9834801)
joint_type = 3
joint_offset = Transform3D(1, 0, 4.2346922e-22, 0, 1, 0, -4.2346922e-22, 0, 1, -5.6843402e-14, 6.556512e-07, -4.768373e-07)
joint_rotation = Vector3(0, 4.2346922e-22, 0)
body_offset = Transform3D(0.99999976, -4.2061542e-14, -2.1887272e-14, 1.3639842e-14, 0.99999976, -1.1920925e-07, -1.3639852e-14, 1.7881393e-07, 1, 5.6843405e-14, -6.556511e-07, 4.7683716e-07)
bone_name = "Turret_2"
joint_constraints/angular_limit_enabled = false
joint_constraints/angular_limit_upper = 90.0
joint_constraints/angular_limit_lower = -90.0
joint_constraints/angular_limit_bias = 0.3
joint_constraints/angular_limit_softness = 0.9
joint_constraints/angular_limit_relaxation = 1.0
metadata/_edit_lock_ = true

[node name="CollisionShape3D" type="CollisionShape3D" parent="Armature/Skeleton3D/PhysicalBoneSimulator3D/Turret" index="0"]
transform = Transform3D(1, 0, -3.898131e-22, 0, 1, 0, -3.898131e-22, 0, 1, 6.505213e-19, -0.51652324, -0.12788057)
shape = SubResource("BoxShape3D_s7ekh")

[node name="CollisionShape3D2" type="CollisionShape3D" parent="Armature/Skeleton3D/PhysicalBoneSimulator3D/Turret" index="1"]
transform = Transform3D(1, 0, -3.9055012e-22, 0, 1, 0, -3.9055012e-22, 0, 1, -1.5246593e-18, 2.95223, 0.028448582)
shape = SubResource("BoxShape3D_jxbex")

[node name="CollisionShape3D3" type="CollisionShape3D" parent="Armature/Skeleton3D/PhysicalBoneSimulator3D/Turret" index="2"]
transform = Transform3D(1, 0, -3.9014864e-22, 0, 1, 0, -3.9014864e-22, 0, 1, -7.654791e-14, -2.6395347, 0.34776783)
shape = SubResource("BoxShape3D_xcrw1")

[node name="CollisionShape3D4" type="CollisionShape3D" parent="Armature/Skeleton3D/PhysicalBoneSimulator3D/Turret" index="3"]
transform = Transform3D(1, 0, -3.8955562e-22, 0, 1, 0, -3.8955562e-22, 0, 1, -4.067671e-14, -0.5673108, 1.1632977)
shape = SubResource("BoxShape3D_2c5v2")

[node name="LegFront1_L" type="PhysicalBone3D" parent="Armature/Skeleton3D/PhysicalBoneSimulator3D" index="2"]
transform = Transform3D(-0.97301584, 0.09559297, -0.21000534, 0.0017332691, 0.91314685, 0.4076273, 0.230732, 0.39626384, -0.88867193, 1.1465312, 2.1938012, 0.13081527)
joint_type = 5
joint_offset = Transform3D(1, 0, 0, 0, 1, 0, 0, 0, 1, -5.8200095e-07, -1.2353723e-06, 0.48407418)
body_offset = Transform3D(0.99999994, -1.5646219e-07, -5.2154064e-07, -4.7683716e-07, 2.9802322e-08, -0.99999964, 1.4156103e-07, 1.0000001, 8.940697e-08, 8.34465e-07, 0.484074, 1.1920929e-06)
bone_name = "LegFront1.L"
joint_constraints/x/linear_limit_enabled = true
joint_constraints/x/linear_limit_upper = 0.0
joint_constraints/x/linear_limit_lower = 0.0
joint_constraints/x/linear_limit_softness = 0.7
joint_constraints/x/linear_spring_enabled = false
joint_constraints/x/linear_spring_stiffness = 0.0
joint_constraints/x/linear_spring_damping = 0.0
joint_constraints/x/linear_equilibrium_point = 0.0
joint_constraints/x/linear_restitution = 0.5
joint_constraints/x/linear_damping = 1.0
joint_constraints/x/angular_limit_enabled = true
joint_constraints/x/angular_limit_upper = 24.999998
joint_constraints/x/angular_limit_lower = -9.999999
joint_constraints/x/angular_limit_softness = 0.5
joint_constraints/x/angular_restitution = 0.0
joint_constraints/x/angular_damping = 1.0
joint_constraints/x/erp = 0.5
joint_constraints/x/angular_spring_enabled = false
joint_constraints/x/angular_spring_stiffness = 0.0
joint_constraints/x/angular_spring_damping = 0.0
joint_constraints/x/angular_equilibrium_point = 0.0
joint_constraints/y/linear_limit_enabled = true
joint_constraints/y/linear_limit_upper = 0.0
joint_constraints/y/linear_limit_lower = 0.0
joint_constraints/y/linear_limit_softness = 0.7
joint_constraints/y/linear_spring_enabled = false
joint_constraints/y/linear_spring_stiffness = 0.0
joint_constraints/y/linear_spring_damping = 0.0
joint_constraints/y/linear_equilibrium_point = 0.0
joint_constraints/y/linear_restitution = 0.5
joint_constraints/y/linear_damping = 1.0
joint_constraints/y/angular_limit_enabled = true
joint_constraints/y/angular_limit_upper = 0.0
joint_constraints/y/angular_limit_lower = 0.0
joint_constraints/y/angular_limit_softness = 0.5
joint_constraints/y/angular_restitution = 0.0
joint_constraints/y/angular_damping = 1.0
joint_constraints/y/erp = 0.5
joint_constraints/y/angular_spring_enabled = false
joint_constraints/y/angular_spring_stiffness = 0.0
joint_constraints/y/angular_spring_damping = 0.0
joint_constraints/y/angular_equilibrium_point = 0.0
joint_constraints/z/linear_limit_enabled = true
joint_constraints/z/linear_limit_upper = 0.0
joint_constraints/z/linear_limit_lower = 0.0
joint_constraints/z/linear_limit_softness = 0.7
joint_constraints/z/linear_spring_enabled = false
joint_constraints/z/linear_spring_stiffness = 0.0
joint_constraints/z/linear_spring_damping = 0.0
joint_constraints/z/linear_equilibrium_point = 0.0
joint_constraints/z/linear_restitution = 0.5
joint_constraints/z/linear_damping = 1.0
joint_constraints/z/angular_limit_enabled = true
joint_constraints/z/angular_limit_upper = 0.0
joint_constraints/z/angular_limit_lower = 0.0
joint_constraints/z/angular_limit_softness = 0.5
joint_constraints/z/angular_restitution = 0.0
joint_constraints/z/angular_damping = 1.0
joint_constraints/z/erp = 0.5
joint_constraints/z/angular_spring_enabled = false
joint_constraints/z/angular_spring_stiffness = 0.0
joint_constraints/z/angular_spring_damping = 0.0
joint_constraints/z/angular_equilibrium_point = 0.0
metadata/_edit_lock_ = true

[node name="CollisionShape3D" type="CollisionShape3D" parent="Armature/Skeleton3D/PhysicalBoneSimulator3D/LegFront1_L" index="0"]
transform = Transform3D(1, 1.7881393e-07, 1.3411045e-07, 0, 1.4603138e-06, 1.0000045, 0, -1.0000058, 1.4901161e-07, 0, 0, 0)
shape = SubResource("CapsuleShape3D_gmgct")

[node name="LegFront2_L" type="PhysicalBone3D" parent="Armature/Skeleton3D/PhysicalBoneSimulator3D" index="3"]
transform = Transform3D(-0.17969717, 0.9691203, -0.16886334, 0.7172812, 0.011606895, -0.6966871, -0.67321366, -0.24631521, -0.69721746, 1.3516785, 2.4234524, 0.9882978)
joint_type = 5
joint_offset = Transform3D(1, 0, 0, 0, 1, 0, 0, 0, 1, 4.969863e-07, 2.1611022e-06, 0.612864)
body_offset = Transform3D(0.99999964, -1.6391277e-06, -1.1026859e-06, -6.854534e-07, -1.1622906e-06, -0.9999997, 1.6987324e-06, 0.99999964, -1.1920929e-06, 1.7881393e-07, 0.6128638, -1.4305115e-06)
bone_name = "LegFront2.L"
joint_constraints/x/linear_limit_enabled = true
joint_constraints/x/linear_limit_upper = 0.0
joint_constraints/x/linear_limit_lower = 0.0
joint_constraints/x/linear_limit_softness = 0.7
joint_constraints/x/linear_spring_enabled = false
joint_constraints/x/linear_spring_stiffness = 0.0
joint_constraints/x/linear_spring_damping = 0.0
joint_constraints/x/linear_equilibrium_point = 0.0
joint_constraints/x/linear_restitution = 0.5
joint_constraints/x/linear_damping = 1.0
joint_constraints/x/angular_limit_enabled = true
joint_constraints/x/angular_limit_upper = 0.0
joint_constraints/x/angular_limit_lower = 0.0
joint_constraints/x/angular_limit_softness = 0.5
joint_constraints/x/angular_restitution = 0.0
joint_constraints/x/angular_damping = 1.0
joint_constraints/x/erp = 0.5
joint_constraints/x/angular_spring_enabled = false
joint_constraints/x/angular_spring_stiffness = 0.0
joint_constraints/x/angular_spring_damping = 0.0
joint_constraints/x/angular_equilibrium_point = 0.0
joint_constraints/y/linear_limit_enabled = true
joint_constraints/y/linear_limit_upper = 0.0
joint_constraints/y/linear_limit_lower = 0.0
joint_constraints/y/linear_limit_softness = 0.7
joint_constraints/y/linear_spring_enabled = false
joint_constraints/y/linear_spring_stiffness = 0.0
joint_constraints/y/linear_spring_damping = 0.0
joint_constraints/y/linear_equilibrium_point = 0.0
joint_constraints/y/linear_restitution = 0.5
joint_constraints/y/linear_damping = 1.0
joint_constraints/y/angular_limit_enabled = true
joint_constraints/y/angular_limit_upper = 21.0
joint_constraints/y/angular_limit_lower = -34.999996
joint_constraints/y/angular_limit_softness = 0.5
joint_constraints/y/angular_restitution = 0.0
joint_constraints/y/angular_damping = 1.0
joint_constraints/y/erp = 0.5
joint_constraints/y/angular_spring_enabled = false
joint_constraints/y/angular_spring_stiffness = 0.0
joint_constraints/y/angular_spring_damping = 0.0
joint_constraints/y/angular_equilibrium_point = 0.0
joint_constraints/z/linear_limit_enabled = true
joint_constraints/z/linear_limit_upper = 0.0
joint_constraints/z/linear_limit_lower = 0.0
joint_constraints/z/linear_limit_softness = 0.7
joint_constraints/z/linear_spring_enabled = false
joint_constraints/z/linear_spring_stiffness = 0.0
joint_constraints/z/linear_spring_damping = 0.0
joint_constraints/z/linear_equilibrium_point = 0.0
joint_constraints/z/linear_restitution = 0.5
joint_constraints/z/linear_damping = 1.0
joint_constraints/z/angular_limit_enabled = true
joint_constraints/z/angular_limit_upper = 0.0
joint_constraints/z/angular_limit_lower = 0.0
joint_constraints/z/angular_limit_softness = 0.5
joint_constraints/z/angular_restitution = 0.0
joint_constraints/z/angular_damping = 1.0
joint_constraints/z/erp = 0.5
joint_constraints/z/angular_spring_enabled = false
joint_constraints/z/angular_spring_stiffness = 0.0
joint_constraints/z/angular_spring_damping = 0.0
joint_constraints/z/angular_equilibrium_point = 0.0
metadata/_edit_lock_ = true

[node name="CollisionShape3D" type="CollisionShape3D" parent="Armature/Skeleton3D/PhysicalBoneSimulator3D/LegFront2_L" index="0"]
transform = Transform3D(0.98594064, 0.16709572, 0, 2.6576936e-07, -5.8557145e-08, 0.99999905, 0.16709569, -0.9859408, -7.4505806e-08, 0.06370051, 7.012892e-08, 0.07265572)
shape = SubResource("CapsuleShape3D_n6yte")

[node name="LegFront3_L" type="PhysicalBone3D" parent="Armature/Skeleton3D/PhysicalBoneSimulator3D" index="4"]
transform = Transform3D(0.2107243, 0.9700894, -0.120507136, 0.57626283, -0.02369658, 0.8169209, 0.7896306, -0.24158885, -0.56401986, 1.5496756, 2.2097552, 1.8579292)
joint_type = 5
joint_offset = Transform3D(1, 0, 0, 0, 1, 0, 0, 0, 1, 1.8466185e-06, 1.425722e-06, 0.7842504)
body_offset = Transform3D(1, 1.3411045e-07, 6.854534e-07, 1.7881393e-07, -1.8626451e-06, -0.9999999, -7.4505806e-08, 0.9999998, -1.8179417e-06, -2.3841858e-06, 0.78425026, 0)
bone_name = "LegFront3.L"
joint_constraints/x/linear_limit_enabled = true
joint_constraints/x/linear_limit_upper = 0.0
joint_constraints/x/linear_limit_lower = 0.0
joint_constraints/x/linear_limit_softness = 0.7
joint_constraints/x/linear_spring_enabled = false
joint_constraints/x/linear_spring_stiffness = 0.0
joint_constraints/x/linear_spring_damping = 0.0
joint_constraints/x/linear_equilibrium_point = 0.0
joint_constraints/x/linear_restitution = 0.5
joint_constraints/x/linear_damping = 1.0
joint_constraints/x/angular_limit_enabled = true
joint_constraints/x/angular_limit_upper = 0.0
joint_constraints/x/angular_limit_lower = 0.0
joint_constraints/x/angular_limit_softness = 0.5
joint_constraints/x/angular_restitution = 0.0
joint_constraints/x/angular_damping = 1.0
joint_constraints/x/erp = 0.5
joint_constraints/x/angular_spring_enabled = false
joint_constraints/x/angular_spring_stiffness = 0.0
joint_constraints/x/angular_spring_damping = 0.0
joint_constraints/x/angular_equilibrium_point = 0.0
joint_constraints/y/linear_limit_enabled = true
joint_constraints/y/linear_limit_upper = 0.0
joint_constraints/y/linear_limit_lower = 0.0
joint_constraints/y/linear_limit_softness = 0.7
joint_constraints/y/linear_spring_enabled = false
joint_constraints/y/linear_spring_stiffness = 0.0
joint_constraints/y/linear_spring_damping = 0.0
joint_constraints/y/linear_equilibrium_point = 0.0
joint_constraints/y/linear_restitution = 0.5
joint_constraints/y/linear_damping = 1.0
joint_constraints/y/angular_limit_enabled = true
joint_constraints/y/angular_limit_upper = 3.0
joint_constraints/y/angular_limit_lower = -90.0
joint_constraints/y/angular_limit_softness = 0.5
joint_constraints/y/angular_restitution = 0.0
joint_constraints/y/angular_damping = 1.0
joint_constraints/y/erp = 0.5
joint_constraints/y/angular_spring_enabled = false
joint_constraints/y/angular_spring_stiffness = 0.0
joint_constraints/y/angular_spring_damping = 0.0
joint_constraints/y/angular_equilibrium_point = 0.0
joint_constraints/z/linear_limit_enabled = true
joint_constraints/z/linear_limit_upper = 0.0
joint_constraints/z/linear_limit_lower = 0.0
joint_constraints/z/linear_limit_softness = 0.7
joint_constraints/z/linear_spring_enabled = false
joint_constraints/z/linear_spring_stiffness = 0.0
joint_constraints/z/linear_spring_damping = 0.0
joint_constraints/z/linear_equilibrium_point = 0.0
joint_constraints/z/linear_restitution = 0.5
joint_constraints/z/linear_damping = 1.0
joint_constraints/z/angular_limit_enabled = true
joint_constraints/z/angular_limit_upper = 0.0
joint_constraints/z/angular_limit_lower = 0.0
joint_constraints/z/angular_limit_softness = 0.5
joint_constraints/z/angular_restitution = 0.0
joint_constraints/z/angular_damping = 1.0
joint_constraints/z/erp = 0.5
joint_constraints/z/angular_spring_enabled = false
joint_constraints/z/angular_spring_stiffness = 0.0
joint_constraints/z/angular_spring_damping = 0.0
joint_constraints/z/angular_equilibrium_point = 0.0
metadata/_edit_lock_ = true

[node name="CollisionShape3D" type="CollisionShape3D" parent="Armature/Skeleton3D/PhysicalBoneSimulator3D/LegFront3_L" index="0"]
transform = Transform3D(1.0000017, 8.940697e-08, 0, 2.5331974e-07, 1.6391277e-07, 1, -1.4901161e-07, -1.0000002, -2.9802322e-08, 0.021607, 5.939132e-09, -4.1510115e-09)
shape = SubResource("CapsuleShape3D_s7ekh")

[node name="LegFront4_L" type="PhysicalBone3D" parent="Armature/Skeleton3D/PhysicalBoneSimulator3D" index="5"]
transform = Transform3D(0.22000015, 0.97369975, -0.059235487, 0.27037275, -0.0025191864, 0.96275246, 0.93728256, -0.22782134, -0.2638161, 1.696336, 0.7214415, 2.5325408)
joint_type = 5
joint_offset = Transform3D(1, 0, 0, 0, 1, 0, 0, 0, 1, -2.578714e-06, 2.4939158e-07, 0.88044024)
body_offset = Transform3D(0.9999998, -2.9802322e-08, 4.917383e-07, 2.9802322e-08, 6.7055225e-08, -1.0000001, 7.4505806e-08, 0.9999999, 1.2293458e-07, 2.1457672e-06, 0.8804403, -3.5762787e-07)
bone_name = "LegFront4.L"
joint_constraints/x/linear_limit_enabled = true
joint_constraints/x/linear_limit_upper = 0.0
joint_constraints/x/linear_limit_lower = 0.0
joint_constraints/x/linear_limit_softness = 0.7
joint_constraints/x/linear_spring_enabled = false
joint_constraints/x/linear_spring_stiffness = 0.0
joint_constraints/x/linear_spring_damping = 0.0
joint_constraints/x/linear_equilibrium_point = 0.0
joint_constraints/x/linear_restitution = 0.5
joint_constraints/x/linear_damping = 1.0
joint_constraints/x/angular_limit_enabled = true
joint_constraints/x/angular_limit_upper = 0.0
joint_constraints/x/angular_limit_lower = 0.0
joint_constraints/x/angular_limit_softness = 0.5
joint_constraints/x/angular_restitution = 0.0
joint_constraints/x/angular_damping = 1.0
joint_constraints/x/erp = 0.5
joint_constraints/x/angular_spring_enabled = false
joint_constraints/x/angular_spring_stiffness = 0.0
joint_constraints/x/angular_spring_damping = 0.0
joint_constraints/x/angular_equilibrium_point = 0.0
joint_constraints/y/linear_limit_enabled = true
joint_constraints/y/linear_limit_upper = 0.0
joint_constraints/y/linear_limit_lower = 0.0
joint_constraints/y/linear_limit_softness = 0.7
joint_constraints/y/linear_spring_enabled = false
joint_constraints/y/linear_spring_stiffness = 0.0
joint_constraints/y/linear_spring_damping = 0.0
joint_constraints/y/linear_equilibrium_point = 0.0
joint_constraints/y/linear_restitution = 0.5
joint_constraints/y/linear_damping = 1.0
joint_constraints/y/angular_limit_enabled = true
joint_constraints/y/angular_limit_upper = 30.0
joint_constraints/y/angular_limit_lower = -39.999996
joint_constraints/y/angular_limit_softness = 0.5
joint_constraints/y/angular_restitution = 0.0
joint_constraints/y/angular_damping = 1.0
joint_constraints/y/erp = 0.5
joint_constraints/y/angular_spring_enabled = false
joint_constraints/y/angular_spring_stiffness = 0.0
joint_constraints/y/angular_spring_damping = 0.0
joint_constraints/y/angular_equilibrium_point = 0.0
joint_constraints/z/linear_limit_enabled = true
joint_constraints/z/linear_limit_upper = 0.0
joint_constraints/z/linear_limit_lower = 0.0
joint_constraints/z/linear_limit_softness = 0.7
joint_constraints/z/linear_spring_enabled = false
joint_constraints/z/linear_spring_stiffness = 0.0
joint_constraints/z/linear_spring_damping = 0.0
joint_constraints/z/linear_equilibrium_point = 0.0
joint_constraints/z/linear_restitution = 0.5
joint_constraints/z/linear_damping = 1.0
joint_constraints/z/angular_limit_enabled = true
joint_constraints/z/angular_limit_upper = 0.0
joint_constraints/z/angular_limit_lower = 0.0
joint_constraints/z/angular_limit_softness = 0.5
joint_constraints/z/angular_restitution = 0.0
joint_constraints/z/angular_damping = 1.0
joint_constraints/z/erp = 0.5
joint_constraints/z/angular_spring_enabled = false
joint_constraints/z/angular_spring_stiffness = 0.0
joint_constraints/z/angular_spring_damping = 0.0
joint_constraints/z/angular_equilibrium_point = 0.0
metadata/_edit_lock_ = true

[node name="CollisionShape3D" type="CollisionShape3D" parent="Armature/Skeleton3D/PhysicalBoneSimulator3D/LegFront4_L" index="0"]
transform = Transform3D(0.9681071, -0.25053203, 3.5762787e-07, 2.9802322e-07, 4.656613e-10, 0.9999985, -0.25053242, -0.9681082, 4.0978193e-08, 0.21104503, 2.3841858e-07, 0.2775789)
shape = SubResource("CapsuleShape3D_jxbex")

[node name="LegRear1_L" type="PhysicalBone3D" parent="Armature/Skeleton3D/PhysicalBoneSimulator3D" index="6"]
transform = Transform3D(0.45974827, 0.12819347, -0.878748, 0.007064405, 0.9889669, 0.14796841, 0.8880212, -0.07423606, 0.45377022, 1.5142994, 2.1743858, -2.023395)
joint_type = 5
joint_offset = Transform3D(1, 0, 0, 0, 1, 0, 0, 0, 1, -3.6330448e-07, 1.7162915e-08, 0.5119046)
body_offset = Transform3D(0.9999998, 2.9802322e-08, 4.7683716e-07, 1.7881393e-07, -2.2351742e-08, -0.99999994, -7.4505806e-08, 0.9999999, -3.3527613e-08, 1.1920929e-07, 0.5119046, 0)
bone_name = "LegRear1.L"
joint_constraints/x/linear_limit_enabled = true
joint_constraints/x/linear_limit_upper = 0.0
joint_constraints/x/linear_limit_lower = 0.0
joint_constraints/x/linear_limit_softness = 0.7
joint_constraints/x/linear_spring_enabled = false
joint_constraints/x/linear_spring_stiffness = 0.0
joint_constraints/x/linear_spring_damping = 0.0
joint_constraints/x/linear_equilibrium_point = 0.0
joint_constraints/x/linear_restitution = 0.5
joint_constraints/x/linear_damping = 1.0
joint_constraints/x/angular_limit_enabled = true
joint_constraints/x/angular_limit_upper = 9.999999
joint_constraints/x/angular_limit_lower = -30.0
joint_constraints/x/angular_limit_softness = 0.5
joint_constraints/x/angular_restitution = 0.0
joint_constraints/x/angular_damping = 1.0
joint_constraints/x/erp = 0.5
joint_constraints/x/angular_spring_enabled = false
joint_constraints/x/angular_spring_stiffness = 0.0
joint_constraints/x/angular_spring_damping = 0.0
joint_constraints/x/angular_equilibrium_point = 0.0
joint_constraints/y/linear_limit_enabled = true
joint_constraints/y/linear_limit_upper = 0.0
joint_constraints/y/linear_limit_lower = 0.0
joint_constraints/y/linear_limit_softness = 0.7
joint_constraints/y/linear_spring_enabled = false
joint_constraints/y/linear_spring_stiffness = 0.0
joint_constraints/y/linear_spring_damping = 0.0
joint_constraints/y/linear_equilibrium_point = 0.0
joint_constraints/y/linear_restitution = 0.5
joint_constraints/y/linear_damping = 1.0
joint_constraints/y/angular_limit_enabled = true
joint_constraints/y/angular_limit_upper = 0.0
joint_constraints/y/angular_limit_lower = 0.0
joint_constraints/y/angular_limit_softness = 0.5
joint_constraints/y/angular_restitution = 0.0
joint_constraints/y/angular_damping = 1.0
joint_constraints/y/erp = 0.5
joint_constraints/y/angular_spring_enabled = false
joint_constraints/y/angular_spring_stiffness = 0.0
joint_constraints/y/angular_spring_damping = 0.0
joint_constraints/y/angular_equilibrium_point = 0.0
joint_constraints/z/linear_limit_enabled = true
joint_constraints/z/linear_limit_upper = 0.0
joint_constraints/z/linear_limit_lower = 0.0
joint_constraints/z/linear_limit_softness = 0.7
joint_constraints/z/linear_spring_enabled = false
joint_constraints/z/linear_spring_stiffness = 0.0
joint_constraints/z/linear_spring_damping = 0.0
joint_constraints/z/linear_equilibrium_point = 0.0
joint_constraints/z/linear_restitution = 0.5
joint_constraints/z/linear_damping = 1.0
joint_constraints/z/angular_limit_enabled = true
joint_constraints/z/angular_limit_upper = 0.0
joint_constraints/z/angular_limit_lower = 0.0
joint_constraints/z/angular_limit_softness = 0.5
joint_constraints/z/angular_restitution = 0.0
joint_constraints/z/angular_damping = 1.0
joint_constraints/z/erp = 0.5
joint_constraints/z/angular_spring_enabled = false
joint_constraints/z/angular_spring_stiffness = 0.0
joint_constraints/z/angular_spring_damping = 0.0
joint_constraints/z/angular_equilibrium_point = 0.0
metadata/_edit_lock_ = true
metadata/_edit_group_ = true

[node name="CollisionShape3D" type="CollisionShape3D" parent="Armature/Skeleton3D/PhysicalBoneSimulator3D/LegRear1_L" index="0"]
transform = Transform3D(0.99999547, 8.6426735e-07, 3.7252903e-07, 1.3411045e-07, 5.9977174e-07, 0.9999911, -4.4703484e-07, -0.9999908, 7.8231096e-08, 1.12548705e-07, 0.058368966, -2.3946805e-07)
shape = SubResource("CapsuleShape3D_xcrw1")

[node name="LegRear2_L" type="PhysicalBone3D" parent="Armature/Skeleton3D/PhysicalBoneSimulator3D" index="7"]
transform = Transform3D(0.85227644, 0.45499292, -0.25808203, -0.29160458, 0.0036571533, -0.95653194, -0.43427143, 0.89048755, 0.13579492, 2.1938682, 2.9500155, -2.3765392)
joint_type = 5
joint_offset = Transform3D(1, 0, 0, 0, 1, 0, 0, 0, 1, -1.5324795e-05, -1.8961222e-05, 0.89006954)
body_offset = Transform3D(1.0000002, -5.662441e-07, -1.937151e-07, -2.644956e-07, 2.9802322e-08, -1.0000005, 1.7881393e-07, 1, 2.7567148e-07, 1.5497208e-05, 0.89006996, 1.8715858e-05)
bone_name = "LegRear2.L"
joint_constraints/x/linear_limit_enabled = true
joint_constraints/x/linear_limit_upper = 0.0
joint_constraints/x/linear_limit_lower = 0.0
joint_constraints/x/linear_limit_softness = 0.7
joint_constraints/x/linear_spring_enabled = false
joint_constraints/x/linear_spring_stiffness = 0.0
joint_constraints/x/linear_spring_damping = 0.0
joint_constraints/x/linear_equilibrium_point = 0.0
joint_constraints/x/linear_restitution = 0.5
joint_constraints/x/linear_damping = 1.0
joint_constraints/x/angular_limit_enabled = true
joint_constraints/x/angular_limit_upper = 0.0
joint_constraints/x/angular_limit_lower = 0.0
joint_constraints/x/angular_limit_softness = 0.5
joint_constraints/x/angular_restitution = 0.0
joint_constraints/x/angular_damping = 1.0
joint_constraints/x/erp = 0.5
joint_constraints/x/angular_spring_enabled = false
joint_constraints/x/angular_spring_stiffness = 0.0
joint_constraints/x/angular_spring_damping = 0.0
joint_constraints/x/angular_equilibrium_point = 0.0
joint_constraints/y/linear_limit_enabled = true
joint_constraints/y/linear_limit_upper = 0.0
joint_constraints/y/linear_limit_lower = 0.0
joint_constraints/y/linear_limit_softness = 0.7
joint_constraints/y/linear_spring_enabled = false
joint_constraints/y/linear_spring_stiffness = 0.0
joint_constraints/y/linear_spring_damping = 0.0
joint_constraints/y/linear_equilibrium_point = 0.0
joint_constraints/y/linear_restitution = 0.5
joint_constraints/y/linear_damping = 1.0
joint_constraints/y/angular_limit_enabled = true
joint_constraints/y/angular_limit_upper = 30.0
joint_constraints/y/angular_limit_lower = -39.999996
joint_constraints/y/angular_limit_softness = 0.5
joint_constraints/y/angular_restitution = 0.0
joint_constraints/y/angular_damping = 1.0
joint_constraints/y/erp = 0.5
joint_constraints/y/angular_spring_enabled = false
joint_constraints/y/angular_spring_stiffness = 0.0
joint_constraints/y/angular_spring_damping = 0.0
joint_constraints/y/angular_equilibrium_point = 0.0
joint_constraints/z/linear_limit_enabled = true
joint_constraints/z/linear_limit_upper = 0.0
joint_constraints/z/linear_limit_lower = 0.0
joint_constraints/z/linear_limit_softness = 0.7
joint_constraints/z/linear_spring_enabled = false
joint_constraints/z/linear_spring_stiffness = 0.0
joint_constraints/z/linear_spring_damping = 0.0
joint_constraints/z/linear_equilibrium_point = 0.0
joint_constraints/z/linear_restitution = 0.5
joint_constraints/z/linear_damping = 1.0
joint_constraints/z/angular_limit_enabled = true
joint_constraints/z/angular_limit_upper = 0.0
joint_constraints/z/angular_limit_lower = 0.0
joint_constraints/z/angular_limit_softness = 0.5
joint_constraints/z/angular_restitution = 0.0
joint_constraints/z/angular_damping = 1.0
joint_constraints/z/erp = 0.5
joint_constraints/z/angular_spring_enabled = false
joint_constraints/z/angular_spring_stiffness = 0.0
joint_constraints/z/angular_spring_damping = 0.0
joint_constraints/z/angular_equilibrium_point = 0.0
metadata/_edit_lock_ = true

[node name="CollisionShape3D" type="CollisionShape3D" parent="Armature/Skeleton3D/PhysicalBoneSimulator3D/LegRear2_L" index="0"]
transform = Transform3D(0.99527156, -0.097131245, -1.7881392e-07, 3.4965912e-09, -2.5030358e-08, 1.0000014, -0.09713126, -0.99527156, 4.4703484e-08, -0.05260884, -1.0915576e-07, -0.033012655)
shape = SubResource("CapsuleShape3D_2c5v2")

[node name="LegRear3_L" type="PhysicalBone3D" parent="Armature/Skeleton3D/PhysicalBoneSimulator3D" index="8"]
transform = Transform3D(-0.7285714, 0.44763905, -0.5184621, -0.57565033, 0.010074528, 0.8176339, 0.37122813, 0.8941576, 0.25034356, 2.9514487, 2.968684, -2.7523105)
joint_type = 5
joint_offset = Transform3D(1, 0, 0, 0, 1, 0, 0, 0, 1, -5.830506e-07, 1.8854382e-07, 1.0182648)
body_offset = Transform3D(0.99999994, 6.2584877e-07, 1.0430813e-07, 2.5331974e-07, 1.4901161e-07, -1.0000002, -1.4901161e-07, 1.0000002, 2.8312206e-07, 4.7683716e-07, 1.018265, -4.7683716e-07)
bone_name = "LegRear3.L"
joint_constraints/x/linear_limit_enabled = true
joint_constraints/x/linear_limit_upper = 0.0
joint_constraints/x/linear_limit_lower = 0.0
joint_constraints/x/linear_limit_softness = 0.7
joint_constraints/x/linear_spring_enabled = false
joint_constraints/x/linear_spring_stiffness = 0.0
joint_constraints/x/linear_spring_damping = 0.0
joint_constraints/x/linear_equilibrium_point = 0.0
joint_constraints/x/linear_restitution = 0.5
joint_constraints/x/linear_damping = 1.0
joint_constraints/x/angular_limit_enabled = true
joint_constraints/x/angular_limit_upper = 0.0
joint_constraints/x/angular_limit_lower = 0.0
joint_constraints/x/angular_limit_softness = 0.5
joint_constraints/x/angular_restitution = 0.0
joint_constraints/x/angular_damping = 1.0
joint_constraints/x/erp = 0.5
joint_constraints/x/angular_spring_enabled = false
joint_constraints/x/angular_spring_stiffness = 0.0
joint_constraints/x/angular_spring_damping = 0.0
joint_constraints/x/angular_equilibrium_point = 0.0
joint_constraints/y/linear_limit_enabled = true
joint_constraints/y/linear_limit_upper = 0.0
joint_constraints/y/linear_limit_lower = 0.0
joint_constraints/y/linear_limit_softness = 0.7
joint_constraints/y/linear_spring_enabled = false
joint_constraints/y/linear_spring_stiffness = 0.0
joint_constraints/y/linear_spring_damping = 0.0
joint_constraints/y/linear_equilibrium_point = 0.0
joint_constraints/y/linear_restitution = 0.5
joint_constraints/y/linear_damping = 1.0
joint_constraints/y/angular_limit_enabled = true
joint_constraints/y/angular_limit_upper = 19.999998
joint_constraints/y/angular_limit_lower = -9.999999
joint_constraints/y/angular_limit_softness = 0.5
joint_constraints/y/angular_restitution = 0.0
joint_constraints/y/angular_damping = 1.0
joint_constraints/y/erp = 0.5
joint_constraints/y/angular_spring_enabled = false
joint_constraints/y/angular_spring_stiffness = 0.0
joint_constraints/y/angular_spring_damping = 0.0
joint_constraints/y/angular_equilibrium_point = 0.0
joint_constraints/z/linear_limit_enabled = true
joint_constraints/z/linear_limit_upper = 0.0
joint_constraints/z/linear_limit_lower = 0.0
joint_constraints/z/linear_limit_softness = 0.7
joint_constraints/z/linear_spring_enabled = false
joint_constraints/z/linear_spring_stiffness = 0.0
joint_constraints/z/linear_spring_damping = 0.0
joint_constraints/z/linear_equilibrium_point = 0.0
joint_constraints/z/linear_restitution = 0.5
joint_constraints/z/linear_damping = 1.0
joint_constraints/z/angular_limit_enabled = true
joint_constraints/z/angular_limit_upper = 0.0
